0.0	3.5267809718303915e-199	1.0432111188080556e-226	1.0	
0.0	1.0432111188080556e-226	4.3508827598508524e-214	1.0	
0.0	4.350882759850853e-214	4.328904800815188e-233	1.0	
0.0	4.3289048008151885e-233	2.859733360510648e-220	1.0	
0.0	2.859733360510648e-220	1.0366426530241505e-215	1.0	
1.0296052247104634e-215	7.037428313687041e-218	0.8744801284694849	0.12551987153051508	
0.8744801284694846	2.515102362031077e-16	0.12551987153051433	7.581192089906082e-16	
0.9999999980466436	1.953355501939962e-09	1.0096294037782474e-15	4.141546824750183e-23	
0.0005330571757985382	0.999466940870846	4.9608526326115145e-14	1.9533058934136783e-09	
2.794936030644259e-07	0.0005327776822450823	2.496687224795159e-05	0.999441975951904	
2.5246365851015632e-05	3.737294683973651e-19	0.9999747536338381	3.108614024341982e-13	
7.169511864955456e-06	0.9999928304878242	1.061305909837073e-19	3.108616700330757e-13	
7.169498718806394e-06	1.3146149165268353e-11	0.9999543261889967	3.8504299138394166e-05	
0.9999614956876759	3.949598902161591e-14	3.85043122845114e-05	3.193731352504735e-17	
0.9999999999999605	1.2668359081085955e-18	3.952792633514096e-14	1.0515833255430285e-30	
1.4092968092319813e-211	1.0	8.501656205330593e-231	1.266835908109647e-18	
0.0	1.409296809231981e-211	7.842644774986182e-222	1.0	
0.0	7.842644774986182e-222	2.148056601867335e-220	1.0	
0.0	2.1480566018673353e-220	2.2688669838849732e-229	1.0	
2.2662172312937557e-229	2.649752591218246e-232	0.97603440533512	0.023965594664880005	
1.6417944404496102e-16	0.9760344053351198	1.9196522790295368e-19	0.02396559466488001	
1.6437140916781576e-16	1.0504824959298853e-25	0.999999986579094	1.3420905880254533e-08	
8.720109713614907e-198	0.9999999865790942	5.572941585837686e-207	1.3420905880254532e-08	
8.720109719185955e-198	1.8913908409162232e-210	0.9999999999954451	4.554897694884469e-12	
4.0055765295730523e-11	0.9999999999553895	8.688091096197495e-24	4.554897694875781e-12	
1.604158610155632e-22	4.0055765295578794e-11	1.9070539453870679e-13	0.9999999999597535	
6.32530374219842e-32	1.9070539469912267e-13	1.5794253779755025e-20	0.9999999999998093	
1.579425377979782e-20	2.0461305445349477e-32	0.9999999999727948	2.7205300125685942e-11	
2.5242742342918897e-11	0.9999999999475521	3.270173245093628e-23	2.7205300125653246e-11	
9.567753011860673e-22	2.5242742341994817e-11	1.8049040793352728e-12	0.9999999999729523	
1.5204899129720966e-12	2.8441416731995116e-13	0.20291630602396235	0.7970836939742326	
1.6520349439286379e-202	0.20291630602548288	3.0902023022246467e-203	0.7970836939745171	
0.0	1.9610551741511027e-202	3.953519553060791e-220	1.0	
3.95351955306079e-220	1.744386034120109e-238	1.0	9.26569509139317e-18	
7.685136955179859e-07	0.9999992314863044	3.3908660895635647e-25	9.265694752306562e-18	
4.280226463386141e-09	7.642334690546e-07	0.0002666276933083702	0.9997326037929961	
0.00026663197353091	3.923526861192756e-15	0.9997333677175296	3.0893554916484785e-10	
1.84581265786247e-17	0.9999999996910606	2.715449473256593e-28	3.089394726917091e-10	
1.8458126578896246e-17	1.3126912438155717e-33	0.9999999999999984	1.4934622970699866e-15	
6.1976661192424996e-201	0.9999999999999986	4.407609847103213e-217	1.493462297069987e-15	
0.0	6.1976661192425e-201	1.137481088526749e-219	1.0	
0.0	1.137481088526749e-219	1.5390922888453355e-221	1.0	
2.632547446680142e-237	1.5390922888453347e-221	8.145021785335017e-18	1.0	
1.18604428375959e-31	8.145021785334899e-18	6.934088172524745e-16	0.9999999999999992	
8.455025884861575e-234	6.934088172524747e-16	5.806391124745485e-220	0.9999999999999993	
0.0	5.8063911247455686e-220	7.255627473580649e-206	1.0	
0.0	7.25562747358065e-206	1.645360125695078e-197	1.0	
0.0	1.6453601256950784e-197	1.216587589927422e-242	1.0	
0.0	1.2165875899274222e-242	1.6048447402139782e-217	1.0	
0.0	1.6048447402139782e-217	6.480947004587633e-216	1.0	
0.0	6.480947004587633e-216	4.1181501909781853e-225	1.0	
4.118137470741087e-225	1.2720237097559787e-230	0.9999351387235421	6.486127645796455e-05	
2.0703015697647872e-212	0.999935138723542	6.394814893374407e-218	6.48612764579646e-05	
2.0703076802900416e-212	2.8428963922841633e-219	0.9999971163391486	2.883660851447643e-06	
0.9999916314640441	5.484875104419298e-06	2.8833287400098553e-06	3.321114377891795e-10	
0.0004455753654306965	0.9995489394273535	1.1643448706972255e-10	5.4850907813700184e-06	
5.932278010699265e-225	0.0004455754818651835	6.337053321144515e-223	0.9995544245181349	
6.396376057495961e-223	4.3755546569158473e-231	0.9999998563457905	1.4365420946075616e-07	
0.394438458907952	0.6055613974378385	4.321696323001045e-09	1.3933251313775511e-07	
8.547852341871832e-229	0.39443846322964826	6.249089447368747e-230	0.6055615367703516	
1.2927721179593447e-243	9.172761286608693e-229	6.711237229682985e-17	0.9999999999999999	
7.022766552928138e-25	6.711237159455319e-17	4.982947954142074e-10	0.9999999995017053	
4.982947954142064e-10	1.727031113919427e-24	0.9999999995016324	7.278352836112997e-14	
9.806239509220743e-251	0.9999999999999273	3.398727197392328e-265	7.278352836285701e-14	
2.9544872480941032e-251	6.851752261126675e-251	0.020120276484173246	0.9798797235158266	
0.020120276484173246	9.681114956058455e-20	0.9798797235158266	9.901101176841164e-17	
6.4242164940377885e-09	0.9999999935757834	3.03185768844417e-26	9.910782288765361e-17	
8.692965854078246e-15	6.424207801071935e-09	6.443607343373375e-08	0.9999999291397101	
6.443608212669325e-08	6.3605752604481796e-21	0.9999999355618447	2.072939065408197e-12	
0.9999928423856624	7.157612264730698e-06	2.0726275331896123e-12	3.1153857916030755e-16	
1.3595432316571219e-212	0.999992842387735	4.6338823626590304e-219	7.157612265042237e-06	
0.0	1.3595436950453582e-212	2.6130411543110238e-188	1.0	
0.0	2.613041154311024e-188	4.530116696875948e-221	1.0	
0.0	4.53011669687595e-221	2.659381659489297e-187	1.0	
0.0	2.659381659489297e-187	5.386969404296331e-228	1.0	
0.0	5.386969404296332e-228	1.2968468682402598e-231	1.0	
0.0	1.29684686824026e-231	1.569018706901701e-225	1.0	
0.0	1.5690187069017007e-225	2.8408512121942803e-201	1.0	
0.0	2.840851212194282e-201	2.250349573128976e-212	1.0	
0.0	2.2503495731289757e-212	1.3290782581414886e-211	1.0	
2.2488435281324648e-212	1.104193905328242e-211	0.00960512415904241	0.9903948758409576	
1.3772617791545929e-08	0.009605110386424616	6.762436427084606e-08	0.9903948082165934	
8.139697759878034e-08	4.4636116215265875e-15	0.9999987670156832	1.1515873345970188e-06	
0.9996095741744868	0.00038927423817419207	1.1422461053697747e-06	9.341233690855458e-09	
2.2834384505449396e-09	0.9996107141371536	4.2345298392166427e-14	0.0003892835793655377	
9.57336799514389e-227	2.283480795843332e-09	1.9964024493846435e-219	0.9999999977165192	
0.0	1.9964025451183237e-219	7.731509869526988e-203	1.0	
0.0	7.731509869526989e-203	9.737355060413686e-236	1.0	
0.0	9.737355060413686e-236	8.034282716504244e-234	1.0	
0.0	8.034282716504245e-234	4.650036029789798e-204	1.0	
0.0	4.6500360297897986e-204	6.48795381482142e-217	1.0	
0.0	6.4879538148214205e-217	2.648288465665739e-193	1.0	
0.0	2.648288465665739e-193	2.7767140664899786e-216	1.0	
0.0	2.776714066489979e-216	3.4037192685228293e-212	1.0	
0.0	3.4037192685228293e-212	4.2625752204619497e-215	1.0	
1.5397305989855546e-219	4.262421247402052e-215	1.7201579650400923e-06	0.9999982798420349	
7.928903843206938e-07	9.272675807193981e-07	0.039125047278794414	0.9608732325632405	
0.039125840169178736	2.726075816069317e-20	0.9608741598308213	1.4059182310095776e-17	
1.8371566159848095e-235	1.0	1.2323334323114632e-253	1.4086443068256465e-17	
0.0	1.83715661598481e-235	3.311438457386839e-218	1.0	
0.0	3.311438457386839e-218	2.0982742618212414e-223	1.0	
0.0	2.0982742618212418e-223	2.5988594618306266e-213	1.0	
0.0	2.5988594618306262e-213	6.567697352660223e-208	1.0	
0.0	6.567697352660223e-208	2.245091405979451e-217	1.0	
0.0	2.245091405979451e-217	1.2215491715234956e-224	1.0	
0.0	1.2215491715234956e-224	2.360709733874787e-196	1.0	
0.0	2.360709733874787e-196	1.3415863156602496e-248	1.0	
0.0	1.3415863156602496e-248	6.283272859670465e-222	1.0	
0.0	6.283272859670465e-222	3.676461202379812e-198	1.0	
3.676461202379811e-198	6.667086616892253e-214	0.9999999999999962	3.808249597849901e-15	
2.268734134041454e-207	0.9999999999999962	4.114240882662735e-223	3.8082495978499e-15	
0.0	2.2687341340414547e-207	8.850590403233943e-190	1.0	
0.0	8.850590403233943e-190	2.6836424266859045e-196	1.0	
2.6836424262505664e-196	4.35337733153478e-206	0.9999999965934014	3.4065985377390283e-09	
0.9999999965934012	2.6622536987583836e-16	3.4065985377390105e-09	1.9045382135169197e-23	
0.9999999963293833	3.670616476456962e-09	2.6622536839978474e-16	2.052143577300689e-23	
0.005019791527566677	0.9949802048018168	8.816305518531818e-13	3.669734845905128e-09	
2.3350308014794936e-21	0.005019791528448308	2.203951736391209e-20	0.9949802084715517	
1.077968062720834e-34	2.4374548165391475e-20	2.1059595510123156e-16	0.9999999999999998	
5.7856163828503166e-248	2.105959551012316e-16	1.3082185833439115e-233	0.9999999999999997	
0.0	1.3082185833439177e-233	3.2555331544959046e-214	1.0	
0.0	3.2555331544959054e-214	4.872197896422346e-223	1.0	
0.0	4.872197896422346e-223	7.626297610231158e-221	1.0	
2.0361314199203013e-224	7.624261478811237e-221	1.2716957084227609e-05	0.9999872830429157	
1.271695708389695e-05	3.3065700032622384e-16	0.9999872824968961	5.460196691143429e-10	
0.3022672506788768	0.6977327487751032	1.103629367731702e-11	5.349837060940263e-10	
1.5992567166688315e-14	0.30226725068989707	1.7579110684133714e-15	0.6977327493100851	
1.7750478041967522e-14	1.9313416173562548e-22	0.9999997715094334	2.284905488259492e-07	
0.9999997715094512	4.635992392175581e-18	2.2849054882594935e-07	2.2244894449611753e-23	
0.9999999978227745	2.1772255052237677e-09	4.636014425103404e-18	2.119666262888282e-25	
0.003996339145837193	0.9960036586769374	4.1591305367669654e-13	2.1768095921700915e-09	
0.003996338926271453	2.1998165108199335e-10	0.9960025095130094	1.1513407375852675e-06	
2.94791983269484e-227	0.9999988484392808	1.6165298057175434e-234	1.1515607192363487e-06	
0.0	2.94791999434782e-227	1.698509374933631e-230	1.0	
0.0	1.698509374933631e-230	4.336748308127836e-213	1.0	
4.3365041577970006e-213	2.4415033083469995e-217	0.9988190713177058	0.0011809286822942473	
0.9988190664530049	4.864700872550461e-09	0.0011809285615094604	1.207847870825239e-10	
1.3980900835406697e-05	0.9999860141136788	3.319167098575857e-15	4.985482340465885e-09	
1.2699424644066214e-236	1.3980900838725867e-05	4.325372585807088e-233	0.9999860190991612	
0.0	4.326642528271495e-233	1.118334355572587e-223	1.0	
0.0	1.118334355572587e-223	7.399245477862034e-231	1.0	
5.829841820147045e-236	7.399187179443833e-231	3.7519176681837826e-07	0.9999996248082332	
8.365051971698633e-16	3.751917659818731e-07	1.0616855027164006e-10	0.9999996247020646	
6.098163419827501e-13	1.0555957043485445e-10	0.0002750189969818004	0.9997249808968487	
0.0002727862161773591	2.2327814142576235e-06	0.8530899005126423	0.146635080489766	
0.8533626867270157	1.8039590318322479e-12	0.14663731326467067	6.5096375848371165e-12	
0.9999999999792214	1.2465014389103053e-11	8.313596614493151e-12	2.176211129967186e-21	
0.9999999999875351	1.9333850251383372e-17	1.2465014391279262e-11	5.060931154132053e-27	
2.6624655894430745e-209	1.0	2.4512243342489582e-227	1.93338502564443e-17	
1.9570662214658322e-212	2.6605085232216086e-209	3.502727559835783e-05	0.9999649727244017	
5.841951552297202e-219	3.502727559835784e-05	7.941765958994025e-216	0.9999649727244017	
0.0	7.947607910546324e-216	7.883742443469655e-199	1.0	
0.0	7.883742443469656e-199	7.495097084870642e-215	1.0	
0.0	7.495097084870641e-215	2.4302375364669054e-213	1.0	
0.0	2.4302375364669064e-213	5.5650250780725944e-216	1.0	
0.0	5.565025078072594e-216	1.0740752126986049e-230	1.0	
0.0	1.074075212698605e-230	3.6386644502796832e-227	1.0	
0.0	3.6386644502796832e-227	1.4050821765389215e-205	1.0	
0.0	1.405082176538922e-205	8.925591735414344e-238	1.0	
0.0	8.925591735414344e-238	1.609523027455464e-246	1.0	
0.0	1.609523027455464e-246	1.5031718489213948e-220	1.0	
0.0	1.5031718489213944e-220	2.9817407183799554e-239	1.0	
2.9817407183799515e-239	3.8893251699830036e-254	0.9999999999999727	2.7391995577005498e-14	
0.9999998459968669	1.5400310577192488e-07	2.739190698977812e-14	8.858722738098266e-20	
2.7967963563704564e-09	0.9999998432000978	2.0510256789127122e-17	1.5400310575150318e-07	
2.7290139497738016e-09	6.778242710691076e-11	0.6572065362365054	0.34279346096669827	
0.6572064141116319	1.2485388743724722e-07	0.34279209346195677	1.3675725239169113e-06	
0.9999985075735885	3.306861411996955e-17	1.4924264113541568e-06	1.036403481845882e-21	
4.722207504591761e-13	0.9999999999995277	7.436273898863775e-31	3.306965052345064e-17	
4.722207504591761e-13	1.3815430644283215e-29	0.999999999999527	6.143822423044744e-16	
0.9999999999138284	8.617107871208958e-11	6.143822411927067e-16	1.1117815898634652e-24	
0.012455928527044843	0.987544071386784	5.172507015080255e-14	8.611935364193988e-11	
9.619648276087304e-215	0.012455928527096568	3.6317862247717063e-214	0.9875440714729034	
0.0	4.593751052380437e-214	5.8164357689719145e-217	1.0	
0.0	5.8164357689719145e-217	7.893215721134676e-236	1.0	
0.0	7.893215721134676e-236	4.455445580777028e-202	1.0	
0.0	4.455445580777028e-202	3.4925735764984146e-231	1.0	
0.0	3.492573576498415e-231	3.802440210811385e-231	1.0	
0.0	3.8024402108113856e-231	2.2711677242039797e-215	1.0	
0.0	2.2711677242039797e-215	2.0892235504925142e-216	1.0	
0.0	2.0892235504925145e-216	1.3025231301125852e-214	1.0	
0.0	1.3025231301125852e-214	2.1217832225254388e-235	1.0	
2.121126730041863e-235	6.564924835763179e-239	0.9935424339591891	0.006457566040811033	
0.05448704654683632	0.9390553874123526	1.7793169446888504e-05	0.006439772871364146	
0.00021273551291644098	0.05429210420336675	0.00017638526810384562	0.9453187750156129	
0.0003891207810197647	5.219318506231832e-16	0.9996108791908233	2.815656323712328e-11	
8.502898153622348e-13	0.9999999999709926	1.1400801309599547e-24	2.8157085168972753e-11	
3.5770189375184816e-230	8.502898153633749e-13	2.003249151549461e-219	0.9999999999991498	
0.0	2.0032491515852317e-219	2.6074330815826196e-199	1.0	
0.0	2.60743308158262e-199	4.4760092048909715e-206	1.0	
4.4760092047890034e-206	1.0196980330592669e-216	0.9999999995215905	4.784096212556724e-10	
3.035349137806289e-14	0.99999999952156	6.914953486149515e-25	4.784096212556718e-10	
2.375102602711369e-14	6.60246535164069e-15	0.14624764018488215	0.8537523598150876	
0.14439037457932208	0.0018572656055838536	0.6721829900656355	0.1815693697494587	
0.8165733646449576	4.484159460051033e-22	0.18342663535504253	2.115278390535759e-21	
0.9999999997508765	2.4912342810275657e-10	2.5636943231286587e-21	1.3412202689434436e-29	
4.5107582174465875e-14	0.9999999997508314	5.351121670252241e-25	2.491234281027561e-10	
4.405856295909522e-14	1.0490192159057764e-15	0.6666654354341832	0.3333345645657718	
0.6666654354342273	3.1461765080791023e-17	0.3333345645657725	3.303503636629233e-16	
0.999999999999978	2.162375309787468e-14	3.6181212874354995e-16	1.6429845893510995e-28	
6.388902377733526e-201	0.9999999999999784	6.578668932501821e-216	2.162375309787483e-14	
0.0	6.388902377733535e-201	8.076835583009331e-213	1.0	
0.0	8.076835583009334e-213	5.981042304023441e-215	1.0	
5.981042276500776e-215	2.7522664767496885e-223	0.9999999033653538	9.663464619465596e-08	
3.0328714528076708e-198	0.9999999033653538	1.3956213719889088e-206	9.663464619465598e-08	
0.0	3.0328714667638847e-198	1.653862386908183e-217	1.0	
0.0	1.653862386908183e-217	4.851309999402411e-239	1.0	
0.0	4.851309999402411e-239	1.8700698365859317e-203	1.0	
0.0	1.8700698365859317e-203	7.298720589306174e-210	1.0	
0.0	7.298720589306175e-210	7.948248290061549e-200	1.0	
0.0	7.948248290061548e-200	4.086045253780313e-237	1.0	
0.0	4.0860452537803133e-237	2.3481436725853732e-229	1.0	
0.0	2.3481436725853736e-229	2.082277215352906e-217	1.0	
0.0	2.082277215352906e-217	2.1325308239823236e-208	1.0	
0.0	2.1325308239823236e-208	4.102044552694886e-226	1.0	
0.0	4.1020445526948844e-226	6.107929761201649e-201	1.0	
6.636132920296905e-206	6.107863399872448e-201	5.173759551506515e-07	0.9999994826240448	
5.173741273058778e-07	1.8278447738359916e-12	0.9999252967095229	7.418591452189717e-05	
0.7907850966515166	0.2091407174321337	1.1319324370672652e-05	6.286659197906932e-05	
0.003437503222514655	0.7873589127533726	4.348404254746233e-05	0.2091600999815653	
0.0034809872650478214	1.4294898898353344e-14	0.9965190126490002	8.593766264585335e-11	
4.0402238966027274e-07	0.9999995958916584	1.6536442213514047e-18	8.595195589110748e-11	
4.040223858945446e-07	3.767381623741886e-15	0.9999994001593355	1.958182749379314e-07	
8.382610384275383e-242	0.9999998041817213	7.816517418741214e-250	1.9581827870531297e-07	
0.0	8.382610462440558e-242	9.170064382446727e-230	1.0	
0.0	9.170064382446728e-230	1.7062065439426985e-210	1.0	
0.0	1.706206543942699e-210	1.4145023977708817e-195	1.0	
0.0	1.4145023977708823e-195	2.162517460602412e-186	1.0	
0.0	2.162517460602412e-186	1.93094548769537e-213	1.0	
0.0	1.9309454876953697e-213	4.257501271795944e-217	1.0	
0.0	4.257501271795944e-217	3.579743116593373e-236	1.0	
0.0	3.5797431165933736e-236	2.6296293779897485e-222	1.0	
0.0	2.62962937798975e-222	5.419860845432774e-236	1.0	
0.0	5.4198608454327744e-236	4.051943244896435e-211	1.0	
0.0	4.051943244896437e-211	5.292932666001713e-215	1.0	
5.227761668150711e-215	6.517099785100208e-217	0.792523075541086	0.20747692445891402	
0.7925227685632402	3.0697784563635545e-07	0.20747523681487567	1.6876440383555489e-06	
1.3085259165162652e-214	0.999998005378116	1.2428664927886605e-221	1.9946218839919046e-06	
0.0	1.3085260408029143e-214	6.711703227915297e-218	1.0	
0.0	6.711703227915297e-218	5.237641034154087e-218	1.0	
0.0	5.237641034154086e-218	9.385238025416196e-203	1.0	
4.810465587200845e-203	4.5747724382153515e-203	0.04768470299203882	0.9523152970079611	
1.413275901083203e-14	0.047684702992024694	1.3440311592860555e-14	0.9523152970079478	
1.5536182481710634e-28	2.7573070603692433e-14	2.6831186995753e-16	0.9999999999999721	
3.8730650199197997e-22	2.683114826511834e-16	6.873789116865856e-08	0.9999999312621086	
6.873789116862742e-08	3.151493201257869e-20	0.9999999312524807	9.62807434901594e-12	
0.9999999894636095	1.0526762444852965e-08	9.628072252129832e-12	2.1284010398267406e-18	
1.9483751741142142e-11	0.9999999894537539	9.76670611037221e-21	1.05267624469716e-08	
1.9483751750908825e-11	1.881562540239797e-26	0.999999999980496	2.0279879280653426e-14	
0.038275325035314785	0.961724674964665	3.8361176234620676e-17	2.024151810443762e-14	
0.03823715197811232	3.81730572025105e-05	0.9419763306360941	0.01974834432859119	
0.9764466233750885	0.003766859239117798	0.018303695584185715	0.0014828218016079843	
0.25400588793382217	0.7407444310254521	8.434410799793688e-05	0.005165336932727845	
0.2540875853459615	2.646695858564961e-06	0.745746638951694	0.00016312900648593115	
0.999834224295255	2.400488851119949e-12	0.00016577570233613793	8.358182813780386e-15	
0.9999999999975911	6.509916887968484e-22	2.4088470339337292e-12	3.293092737222907e-32	
0.9999999999945041	5.495889082050707e-12	6.50991688754646e-22	7.513334040979356e-32	
0.9998242406410995	0.00017575935340456085	5.47567510581811e-12	2.0213976232596332e-14	
0.9998240816927688	1.5895380636245444e-07	0.00017575876663352338	5.867912514409982e-10	
0.9864308594229415	0.013568981036460957	1.2378347583969377e-07	3.5757121774201715e-08	
4.4172693117186426e-17	0.9864309832064173	2.89345184295746e-20	0.013569016793582732	
1.1937495881270585e-21	4.420043388602787e-17	1.2860766372002216e-06	0.9999987139233627	
1.2860766362274519e-06	9.727704580003695e-16	0.9999986980392759	1.588408687778025e-08	
2.808764672953865e-229	0.9999999841159121	2.1245078821612274e-238	1.5884087850550705e-08	
9.418016047950712e-230	1.866963070283301e-229	0.02345822937598353	0.9765417706240164	
0.02345822937598353	1.0384900333907526e-17	0.9765417706240074	9.078565340247763e-15	
0.999999989614674	1.0385316911354422e-08	9.08894825835788e-15	1.9822237897189775e-21	
6.668131545237291e-220	0.9999999896146831	3.297650477290096e-229	1.0385316911356402e-08	
0.0	6.6681315485349414e-220	2.3658095993288843e-214	1.0	
5.72984458553399e-215	1.7928251407754858e-214	0.014990837088416345	0.9850091629115837	
8.058388218168153e-10	0.01499083628257752	2.521409004316356e-09	0.9850091603901746	
5.089557730191158e-12	3.32215826840298e-09	7.294722046565951e-05	0.9999270494522865	
1.364624313915336e-13	7.294722541875481e-05	8.907449124076177e-11	0.9999270526853702	
8.921095349087885e-11	1.8127447270906487e-19	0.9999999572393051	4.267148388341915e-08	
0.9999977688502485	2.188478267574721e-06	4.266952287143178e-08	1.9610121686419433e-12	
0.9755267630298688	0.024471048489902652	1.4333920453583089e-06	7.55088183228581e-07	
1.0788133430227612e-15	0.9755281964219131	1.2887039688664578e-18	0.024471803578085878	
4.109695711714067e-22	1.0801016360220563e-15	1.8118646035093695e-08	0.9999999818813529	
1.2794898909348525e-15	1.8118644755604215e-08	3.362728810986384e-09	0.9999999785186251	
3.0704486061411537e-09	2.9228148433512116e-10	0.33344142389241044	0.6665585727448595	
0.01957664145847811	0.31386478550438085	0.0019739066801323446	0.6645846663570087	
0.0001849123889498808	0.021365635749660574	0.000403079156774869	0.9780463727046146	
0.0005879915457247498	7.708728340080687e-20	0.9994120084542725	2.7515380163049606e-15	
3.627934117246156e-07	0.9999996372065855	4.7536579814426926e-23	2.751615056051781e-15	
4.3379393218222626e-203	3.6279341172461574e-07	5.693831737757344e-198	0.9999996372065884	
9.905302603275874e-206	5.693875018097535e-198	8.284008244939132e-10	0.9999999991715992	
1.5234257361395777e-24	8.284008244939116e-10	8.757123419998577e-17	0.9999999991715991	
1.1799291812954119e-24	8.757123454348231e-17	6.416159841535705e-10	0.9999999993583839	
7.813280624320537e-11	5.634831779103664e-10	0.006559564479635042	0.9934404348787489	
1.7074597489356318e-226	0.0065595645577678505	1.2313967471935486e-225	0.9934404354422322	
0.0	1.4021427220871118e-225	3.054505454447814e-225	1.0	
0.0	3.054505454447814e-225	9.136950691282422e-239	1.0	
0.0	9.13695069128242e-239	3.272641420849275e-221	1.0	
2.7597725245414998e-222	2.9966641683951264e-221	0.004366319350227485	0.9956336806497726	
0.004366319350227484	6.054686567285399e-19	0.9956336806497696	2.8993126054536803e-15	
1.3536885441155066e-223	0.9999999999999971	1.8693266075222735e-239	2.8999180741104086e-15	
0.0	1.3536885441155068e-223	1.528334931116921e-214	1.0	
7.946869516808892e-228	1.5283349311168419e-214	2.476043373992276e-15	0.9999999999999976	
4.59546403329392e-239	2.476043373992276e-15	8.837955866669962e-226	0.9999999999999974	
0.0	8.837955866670421e-226	1.4015919629442356e-241	1.0	
0.0	1.4015919629442356e-241	1.1676667151453078e-221	1.0	
0.0	1.167666715145308e-221	8.02840154089479e-240	1.0	
0.0	8.028401540894789e-240	2.811492351204163e-208	1.0	
0.0	2.8114923512041633e-208	1.2257184275444278e-231	1.0	
0.0	1.2257184275444278e-231	1.9683838514745936e-245	1.0	
0.0	1.9683838514745936e-245	1.1830338446577434e-227	1.0	
0.0	1.1830338446577434e-227	2.8929483493966967e-220	1.0	
0.0	2.892948349396697e-220	3.7169691444792204e-209	1.0	
0.0	3.716969144479221e-209	1.5438727427038557e-228	1.0	
0.0	1.5438727427038557e-228	8.030726541617998e-242	1.0	
8.029346163222486e-242	1.3803783955130137e-245	0.9964027371027595	0.003597262897240465	
2.960560295616767e-232	0.9964027371027596	5.089696455486805e-236	0.003597262897240464	
0.0	2.9610692652623153e-232	9.333745658197982e-210	1.0	
0.0	9.333745658197982e-210	7.445107784595636e-191	1.0	
0.0	7.445107784595637e-191	7.749930833655552e-220	1.0	
0.0	7.74993083365555e-220	4.0635416094549103e-237	1.0	
0.0	4.0635416094549103e-237	1.2618151831667278e-195	1.0	
0.0	1.2618151831667278e-195	3.758614821019601e-232	1.0	
0.0	3.7586148210196006e-232	6.105251968048351e-238	1.0	
0.0	6.105251968048351e-238	2.5284151786768297e-214	1.0	
0.0	2.5284151786768306e-214	2.0213047546379194e-210	1.0	
0.0	2.0213047546379197e-210	4.503085845863705e-214	1.0	
4.503085845787578e-214	7.61261208147401e-225	0.9999999996449882	3.5501178331686973e-10	
0.6819121225618048	0.3180878770831834	3.288438084759632e-11	3.221274024692734e-10	
2.3847672086308423e-06	0.6819097378274804	5.2972058511933477e-08	0.31808782443325234	
5.01811906700253e-09	2.432721148075773e-06	9.821676388794356e-05	0.999899345496845	
2.525855739299847e-234	9.822178200701056e-05	1.2244435833745428e-231	0.9999017782179931	
0.0	1.2269694391138425e-231	3.062342408921878e-222	1.0	
9.751708059094613e-225	3.0525907008627834e-222	0.00015209914007560785	0.9998479008599244	
3.1660298331271735e-15	0.0001520991400724419	9.910667104555478e-13	0.9998479008589334	
1.848259279609057e-14	9.757501474925844e-13	0.0009011838898003177	0.9990988161092054	
0.0002249747571170355	0.000676209132701765	0.015581719383489038	0.9835170967266922	
8.64778105071528e-20	0.01580669414060607	2.564039714211794e-19	0.9841933058593939	
7.548337534255991e-23	3.4280629855298958e-19	1.048524712467891e-05	0.9999895147528753	
8.461687735572487e-09	1.0476785436943337e-05	3.845815040424272e-05	0.999951056602471	
3.8365755058019725e-05	1.0085703395858175e-07	0.9476463181235002	0.05231521526440777	
9.512126556301494e-05	0.9475895626129953	2.500718659009268e-07	0.05231506604957584	
9.509379123707616e-05	2.775461918396757e-07	0.9421580612892183	0.05774656737335276	
0.9422531550804316	2.3655437424956433e-14	0.05774684491951415	3.0444646697604444e-14	
0.9999999999998879	5.801364170907229e-14	5.410008412249498e-14	6.590940083098237e-26	
2.2075177504605473e-225	0.9999999999999419	6.098387801989922e-240	5.801364170913818e-14	
0.0	2.207517750460554e-225	5.891905620534109e-197	1.0	
0.0	5.891905620534107e-197	1.3475634582386095e-209	1.0	
1.3475634582386095e-209	1.4720653023075165e-227	1.0	2.294019710868718e-17	
0.9999999999960906	3.909520424975893e-12	2.294019710680379e-17	1.8833885519898314e-27	
2.4333194655977603e-06	0.9999975666766249	4.530063903556391e-19	3.909519971969505e-12	
2.4333194655982135e-06	4.197894619751585e-24	0.9999975666805343	3.6228523936094987e-17	
1.1278482987625939e-239	1.0	1.945727801075854e-257	3.6228528133989605e-17	
0.0	1.1278482987625937e-239	2.784857207232817e-214	1.0	
1.2325065663786892e-217	2.783624700666439e-214	2.1083859269100298e-05	0.9999789161407309	
2.318243936078873e-214	2.1083859269100298e-05	5.235770144089123e-211	0.999978916140731	
5.238088387946676e-211	7.852406981656705e-222	0.9999999996851895	3.1481054604257857e-10	
0.9881092454819748	0.011890754203214858	2.513034581689228e-10	6.350708787365582e-11	
4.38776294907082e-208	0.9881092457332781	2.514364885853044e-211	0.011890754266721943	
0.0	4.390277313956674e-208	3.555048910846706e-194	1.0	
3.550958820618389e-194	4.090090228315635e-197	0.9763828923660195	0.02361710763398053	
0.9763828923660195	1.9921919215591692e-17	0.023617107633980516	1.0119452517494591e-17	
0.999999999997551	2.4489675719873493e-12	3.004137173154129e-17	1.5449772489635877e-27	
0.0007563044574391843	0.9992436955401117	8.826191182711085e-17	2.448879310075524e-12	
3.73303409475192e-11	0.0007563044201089318	2.348645331592702e-09	0.9992436931939155	
2.3697739180159062e-09	1.6201754524315176e-11	0.8744518452447522	0.12554815236927222	
3.7460018824818915e-07	0.8744514730143378	2.5610809153913032e-09	0.1255481498243931	
6.175231558617266e-20	3.7716126916351867e-07	7.796625973634043e-15	0.999999622838723	
7.796687725949615e-15	1.3436357573255762e-29	0.9999999999999559	3.619017702853961e-14	
5.126109508322769e-11	0.9999999999487028	8.834038599187846e-26	3.6190177028451273e-14	
1.627274399103609e-14	5.1244822339236754e-11	1.5121154066305366e-05	0.9999848787946726	
1.5100614821591454e-05	2.0539260986655446e-08	0.9722151361112384	0.02776974273467897	
0.9722302356759602	1.0500998351514728e-09	0.02776976264406705	6.298729089036898e-10	
3.004612919765549e-23	0.9999999983200273	2.40365134291527e-33	1.6799727440551621e-09	
1.0636668371942975e-225	3.004612920005913e-23	1.68576795479723e-204	1.0	
0.0	1.68576795479723e-204	2.6349873459533734e-223	1.0	
0.0	2.634987345953374e-223	6.9900449453707625e-224	1.0	
0.0	6.990044945370764e-224	4.666691357696317e-227	1.0	
0.0	4.666691357696318e-227	5.282503389988464e-208	1.0	
0.0	5.282503389988466e-208	7.360628132770886e-215	1.0	
0.0	7.360628132770886e-215	7.835324893729801e-230	1.0	
7.835324893729801e-230	6.50084761289052e-248	1.0	1.7423374489544006e-17	
0.0013683416361475042	0.9986316583638525	1.1367732685770667e-21	1.7422237716275433e-17	
0.0013683416302666372	5.880866995628957e-12	0.9986315682334309	9.01304216073061e-08	
9.964996193390982e-216	0.9999999098636976	4.277180914304295e-224	9.01363024743017e-08	
0.0	9.96499623616279e-216	1.7839728023486312e-227	1.0	
1.7839728022753836e-227	7.324735044734475e-238	0.9999999991377703	8.622297134272781e-10	
0.9999999981668063	9.70964043550154e-10	8.622296958462035e-10	1.758107470313435e-17	
1.8366276129258053e-18	0.999999999029036	8.491901940779589e-29	9.709640611312286e-10	
6.9953652874439375e-224	1.836627613010724e-18	1.8137189617298895e-207	1.0	
5.05747511049746e-211	1.81321321421884e-207	1.3281888060640828e-05	0.9999867181119393	
1.1370542935149318e-24	1.328188806064083e-05	4.076583325157972e-21	0.9999867181119393	
7.499076743138195e-27	4.0777128803747445e-21	8.757332154912206e-08	0.9999999124266785	
8.75539626284263e-08	1.9358920695774146e-11	0.9953780958251327	0.004621816601545763	
0.9953781829125892	4.665061771333012e-10	0.004621816575416218	4.548846498694039e-11	
5.66579293030544e-05	0.9999433415587022	1.3814343636121196e-15	5.119932606858778e-10	
5.6657929304418516e-05	1.7319250912923537e-17	0.9999433420642766	6.418936712004531e-12	
2.5729767046184463e-211	0.9999999999935811	7.864675805020445e-224	6.418954031255444e-12	
0.0	2.5729767046192327e-211	1.0325821747257162e-228	1.0	
0.0	1.0325821747257163e-228	5.015718781294329e-217	1.0	
0.0	5.015718781294329e-217	4.734564680038469e-218	1.0	
0.0	4.734564680038468e-218	8.05541724095647e-222	1.0	
1.2686577923264813e-231	8.055417239687814e-222	7.499583699646915e-12	0.9999999999925004	
7.597720535537534e-17	7.499507722441559e-12	4.824263869381497e-07	0.9999995175661134	
8.141851025955492e-20	4.824263870140455e-07	8.03660444594826e-15	0.999999517573605	
1.295926113659399e-209	8.036685864458519e-15	7.678633750016751e-197	0.9999999999999919	
6.177452375757781e-200	7.672456297642289e-197	3.833884606320872e-05	0.9999616611539368	
3.7678352086692444e-05	6.604939765162843e-07	0.73089891376243	0.26906274739150676	
0.00014271125203507953	0.7307938808624816	2.502042136714805e-06	0.2690609058433466	
8.035079981024037e-207	0.0001452132941717943	2.6345197696656105e-204	0.9998547867058283	
0.0	2.642554849646635e-204	1.3721575911286084e-208	1.0	
1.3719587913125906e-208	1.9879981601783357e-212	0.9969662857047813	0.003033714295218691	
0.9969662835617753	2.143005817116226e-09	0.0030337141582766377	1.3694205221664234e-10	
0.9999999977084928	1.1559247242183101e-11	2.279947868779424e-09	5.534441046729267e-19	
0.9999627942085423	3.720577989835623e-05	1.1550223023685901e-11	9.024771941302673e-15	
3.339716661109377e-215	0.9999627942200926	5.917208870858955e-221	3.720577990738101e-05	
0.0	3.3397225783182484e-215	3.63729834515738e-212	1.0	
0.0	3.6372983451573805e-212	1.9909099245816804e-217	1.0	
0.0	1.9909099245816804e-217	3.164939594219867e-211	1.0	
0.0	3.1649395942198672e-211	2.715229616257746e-203	1.0	
0.0	2.7152296162577456e-203	1.7364956161597487e-199	1.0	
1.7363986432778302e-199	9.697288191773086e-204	0.9988285840806104	0.0011714159193896095	
3.437366967077458e-10	0.9988285837368736	1.919670822169762e-14	0.0011714159193704128	
3.437558934051711e-10	1.0796505091197245e-20	0.9999999989966871	6.595570026211331e-10	
3.8438660129353027e-16	0.9999999993404425	1.2072613084202364e-26	6.595570026319294e-10	
1.3631053696128025e-223	3.843866013056029e-16	1.688658743174183e-209	0.9999999999999996	
0.0	1.6886587431741968e-209	1.6856091922376898e-232	1.0	
3.1371641317903833e-243	1.685609192206318e-232	8.862598096349068e-13	0.9999999999991137	
8.543242940211127e-24	8.862598096263635e-13	4.590314126531019e-13	0.9999999999986547	
1.2990386796818424e-14	4.4604102586482674e-13	0.0013849245056121457	0.9986150754939289	
0.00138492450562511	2.5616666385032227e-17	0.9986150754939869	3.878947709957524e-13	
0.9999999999833921	1.622002717243911e-11	3.8792038753000377e-13	1.3213366375826966e-22	
2.818663526922888e-07	0.9999997181174274	2.177086250986358e-19	1.622002695486262e-11	
2.8186635269250653e-07	4.476283951665353e-36	0.9999997181336473	3.3349825401661374e-28	
0.9999997620802566	2.379197432368154e-07	3.3349659223860556e-28	1.6662542919457952e-33	
0.14054757220363234	0.8594521898766244	1.8384167469637928e-09	2.3608132648985167e-07	
0.14022707216512129	0.0003205018769278334	0.8200902019368362	0.039362224021114695	
0.9603161220104932	1.1520914642857443e-06	0.039681726168353366	9.997296891469633e-07	
3.998569726243214e-07	0.9999974483218739	4.0972517675221474e-14	2.1518211124601903e-06	
3.998569873127888e-07	2.6284050453699954e-14	0.9999982197392562	1.380403730332207e-06	
0.999998618876685	7.195584203809222e-10	1.3804037357573252e-06	2.085893257213686e-14	
3.5419573238200574e-14	0.9999999992803853	1.2136757620322292e-24	7.195792793134929e-10	
3.534812371211873e-14	7.144952729552927e-17	0.959280907610165	0.040719092389799476	
5.160784554460632e-223	0.9592809076102006	1.0431547085591153e-225	0.04071909238979954	
0.0	5.171216101546222e-223	1.6793210300743774e-220	1.0	
0.0	1.6793210300743774e-220	7.779345458644783e-214	1.0	
0.0	7.779345458644783e-214	5.262616723118027e-213	1.0	
0.0	5.262616723118028e-213	2.274455675147329e-232	1.0	
1.719550117107043e-251	2.2744556751473288e-232	3.600129024477698e-21	1.0	
3.600129018414786e-21	6.062912543542663e-30	0.9999999646342789	3.5365721133975745e-08	
0.9999999117824755	5.2851803362532255e-08	3.536568188203092e-08	3.9251944819539725e-14	
0.988151742418967	0.011848204729190417	4.222082340924276e-08	1.0631019205234302e-08	
0.988151784639741	4.939995216410191e-14	0.011848215360197187	1.2438703146176316e-14	
1.0430717633236567e-07	0.9999998956927618	3.0715315068435846e-22	6.183865500312508e-14	
1.9134927018259753e-14	1.0430715719743898e-07	8.735612419593052e-09	0.9999998869572113	
1.7454989907106346e-22	8.735631554519894e-09	9.51493870967414e-16	0.9999999912643674	
3.5971599072778576e-229	9.514940455173132e-16	1.8002564464275074e-215	0.9999999999999991	
1.7890813181185545e-215	1.11751283089886e-217	0.884038715565045	0.115961284434955	
2.2571740734485553e-11	0.8840387155424733	1.409897338464742e-13	0.11596128443481403	
5.937615476443268e-14	2.26533543135676e-11	0.0001247975485172186	0.99987520242877	
1.70541478491036e-229	0.0001247975485765948	6.506545516451565e-227	0.9998752024514235	
0.0	6.523599664300667e-227	1.4107621019279722e-224	1.0	
0.0	1.4107621019279724e-224	1.1227895307036357e-221	1.0	
0.0	1.1227895307036357e-221	1.3170943232221345e-205	1.0	
0.0	1.3170943232221343e-205	3.281692509870705e-225	1.0	
0.0	3.2816925098707046e-225	3.090981226801655e-232	1.0	
0.0	3.0909812268016552e-232	5.462834273473525e-221	1.0	
0.0	5.462834273473524e-221	1.0108253955907077e-205	1.0	
0.0	1.0108253955907077e-205	1.6440239625886374e-202	1.0	
1.6142762973574653e-202	2.9747665231171826e-204	0.7209882480707486	0.27901175192925143	
9.621308678440985e-07	0.7209872859398807	1.7730040010597785e-08	0.2790117341992114	
9.791452029158719e-07	7.157049388245589e-10	0.984881169772759	0.015117850366333216	
0.9702463361046431	0.014635812813318744	0.011480947035157552	0.003636904046880597	
0.9811961832864977	0.0005310998533030291	0.01806734826046638	0.00020536859973296432	
0.8919254852810334	0.10733804626593045	0.0002087952561636326	0.0005276731968723607	
0.0002528148657338669	0.8918814656714633	1.4559744572569044e-06	0.10786426348834555	
0.00025427081673200946	2.3459114404231845e-11	0.9997437921888649	1.9369709439858858e-06	
0.9999980630055139	8.301570557284737e-14	1.9369944030969132e-06	3.3768266392332578e-18	
1.4917372685236592e-206	0.9999999999999171	5.897269486379096e-221	8.30190823994866e-14	
0.0	1.4917372685236647e-206	8.607072216493046e-231	1.0	
0.0	8.607072216493047e-231	2.3134824164411626e-216	1.0	
2.2606253048083763e-216	5.28571116327865e-218	0.6706843805388049	0.3293156194611951	
1.4405440130793462e-07	0.6706842364844036	3.3682278582423426e-09	0.32931561609296717	
3.800386042786033e-09	1.4362224312339094e-07	0.0012584610063360133	0.9987413915710348	
0.0012584648067217564	2.995729819460624e-16	0.9987415351882852	4.992682786300422e-12	
0.999999999995007	1.4510790493465036e-20	4.9929823592823685e-12	1.521494540022974e-30	
1.464208978163131e-215	1.0	1.0117537963334999e-236	1.451079049498653e-20	
0.0	1.4642089781631312e-215	1.757870978076207e-229	1.0	
0.0	1.757870978076207e-229	1.409149620514428e-232	1.0	
1.4342507329174363e-257	1.409149620514428e-232	4.8467283355983476e-27	1.0	
6.097989973887046e-255	4.846728335598347e-27	5.991267816976863e-230	1.0	
0.0	5.991267816976864e-230	6.572841576175085e-225	1.0	
2.6044003261049323e-227	6.546797572914036e-225	0.000189398820877756	0.9998106011791222	
0.0001893987768417837	4.403597227497905e-11	0.9998057195438166	4.881635305609659e-06	
0.9999951180894141	2.312443507123399e-10	4.881679317875744e-06	2.370619178071733e-14	
0.44086003392534256	0.5591399658433894	8.368917583118114e-12	2.228991393210026e-10	
1.838779143824673e-12	0.44086003393187273	1.1105294510387708e-13	0.5591399660661776	
4.511619718861378e-18	1.9498275773088313e-12	1.1018359421085887e-07	0.999999889814456	
3.209116837185257e-24	1.1018359421537049e-07	1.386913103856428e-18	0.9999998898164058	
2.3714577294775215e-22	1.386679167200318e-18	8.14360247046492e-06	0.9999918563975295	
4.855067025854164e-16	8.143602469979414e-06	2.8389375095371075e-12	0.9999918563946906	
2.839421456917217e-12	1.559322475887584e-18	0.9999884675794295	1.1532417731031966e-05	
5.042785740617173e-20	0.999988467582269	2.7693420176326307e-26	1.1532417731033526e-05	
2.5536030684547042e-23	5.040234906890735e-20	2.4125306602246186e-05	0.9999758746933978	
2.4125306602246193e-05	3.77816512804092e-24	0.9999758746933978	3.288644362523382e-18	
0.12566560281264025	0.8743343971873597	2.2355002274924632e-20	3.2662931384135857e-18	
0.11687903646608407	0.008786566346556215	0.339059067321263	0.5352753298660967	
0.45593810373557025	5.1776745877507156e-11	0.5440618949151855	1.2974674393761981e-09	
3.123130119787308e-220	0.9999999986507558	2.0066024569520317e-230	1.3492441852537053e-09	
1.6924083356596424e-224	3.1229608791544026e-220	2.5805851649624055e-06	0.999997419414835	
1.035044908494303e-21	2.5805851649624042e-06	1.909943770240164e-17	0.999997419414835	
8.77227578546715e-29	1.9100472747222407e-17	2.1870004155589983e-13	0.9999999999997813	
4.1853932591146724e-19	2.1869962301657397e-13	9.113158038326666e-08	0.9999999088682009	
9.113158038367949e-08	5.672345641201323e-21	0.9999999088671124	1.307112716667849e-12	
0.013674848413251143	0.9863251515854418	8.624015498267881e-16	1.3062503207903678e-12	
2.3070355441566032e-228	0.013674848413252007	7.92378308263941e-228	0.986325151586748	
0.0	1.0230818626796016e-227	5.590216516418684e-242	1.0	
0.0	5.590216516418684e-242	4.2326391817343344e-197	1.0	
0.0	4.232639181734335e-197	5.359231258384797e-217	1.0	
0.0	5.359231258384796e-217	5.801797468139357e-210	1.0	
3.2499793743532934e-221	5.801797468106858e-210	2.667465099203294e-13	0.9999999999997333	
6.228012858880667e-231	2.667465099203294e-13	1.1118122632141617e-219	0.9999999999997333	
0.0	1.1118122632203897e-219	6.575503752077969e-195	1.0	
0.0	6.57550375207797e-195	3.76401064576507e-199	1.0	
0.0	3.7640106457650707e-199	6.0415958706435625e-214	1.0	
0.0	6.041595870643563e-214	8.001490979768979e-220	1.0	
0.0	8.001490979768979e-220	1.8601650503912386e-218	1.0	
0.0	1.8601650503912383e-218	2.6219217849540604e-221	1.0	
0.0	2.621921784954061e-221	1.5085557051775735e-251	1.0	
0.0	1.5085557051775733e-251	5.321514700865145e-198	1.0	
0.0	5.3215147008651466e-198	6.302434881806432e-210	1.0	
0.0	6.302434881806433e-210	3.253789889072828e-221	1.0	
0.0	3.253789889072829e-221	2.6243930342086154e-217	1.0	
0.0	2.6243930342086162e-217	2.288297336174554e-225	1.0	
0.0	2.2882973361745552e-225	7.172073928138309e-225	1.0	
0.0	7.172073928138307e-225	2.089729326365066e-212	1.0	
0.0	2.0897293263650658e-212	6.782852437461346e-217	1.0	
6.782852437461347e-217	2.8947518356671902e-238	1.0	8.962274958728588e-21	
0.9999993530614533	6.469385466367352e-07	8.962153201440111e-21	1.2175728847386727e-25	
0.999999344832945	8.228508532850548e-09	6.469384348465551e-07	1.1179018029988419e-13	
1.05961352337421e-15	0.9999999917713787	4.1519797355914245e-25	8.228620323030849e-09	
1.0732524559351748e-26	1.0596135237786753e-15	4.823198143428671e-13	0.9999999999995166	
3.8340600086099455e-253	4.82319814342878e-13	3.7853366313166684e-242	0.9999999999995177	
0.0	3.785336631355011e-242	7.122934481289999e-212	1.0	
0.0	7.12293448129e-212	2.940456956069928e-218	1.0	
0.0	2.940456956069928e-218	3.53397288917017e-226	1.0	
0.0	3.5339728891701706e-226	3.567748806204742e-204	1.0	
0.0	3.5677488062047425e-204	3.2228919764682724e-213	1.0	
0.0	3.222891976468273e-213	2.0153611929491154e-208	1.0	
1.86108802730573e-208	1.5427316564338468e-209	0.36486023488622443	0.6351397651137756	
1.282966352089944e-15	0.36486023488622316	1.0635030565287017e-16	0.6351397651137755	
1.3893166576917617e-15	5.105285618208649e-26	0.9999999992283172	7.716815119583409e-10	
0.6965182904297202	0.3034817087985982	7.602801985863976e-11	6.956534920997011e-10	
2.687729622814031e-13	0.6965182905054794	5.576558718720057e-15	0.30348170949424613	
3.6580442091963134e-235	2.743495210001232e-13	6.349294168812296e-224	0.9999999999997257	
0.0	6.349294168848878e-224	2.8303383528748804e-217	1.0	
6.24492109702765e-222	2.8302759036639113e-217	1.0506992701933622e-06	0.9999989493007299	
4.442631250734552e-10	1.0502550070682885e-06	2.0142668601423806e-05	0.9999788066321283	
3.875787113586057e-06	1.6267325750962824e-05	0.011218018517396023	0.9887618383697395	
0.011218594341199095	3.299963310516837e-06	0.9827077471770929	0.006070358518397712	
0.9939254385691225	9.029491694218673e-07	0.006073542611743619	1.1586996460917866e-07	
3.54573730508101e-192	0.9999989811808659	1.7202231862459203e-199	1.018819134031046e-06	
0.0	3.545737477103329e-192	7.935093357529363e-230	1.0	
0.0	7.935093357529365e-230	1.7794029685514051e-205	1.0	
0.0	1.7794029685514051e-205	6.481796297229414e-226	1.0	
0.0	6.4817962972294154e-226	2.3274177753552394e-223	1.0	
0.0	2.3274177753552394e-223	1.095030754968915e-217	1.0	
0.0	1.0950307549689148e-217	2.6889354843779054e-226	1.0	
0.0	2.6889354843779054e-226	1.193916095683623e-235	1.0	
0.0	1.1939160956836231e-235	4.58156708644807e-229	1.0	
5.468037341734925e-242	4.5815670864475235e-229	5.683267878561204e-15	0.9999999999999943	
8.543229868473727e-211	5.6832678785612054e-15	7.15821387659647e-198	0.9999999999999943	
0.0	7.158213876597326e-198	4.409224279949678e-232	1.0	
0.0	4.4092242799496795e-232	3.064943250558755e-214	1.0	
0.0	3.0649432505587544e-214	4.229121332595238e-227	1.0	
0.0	4.229121332595238e-227	1.3819331120691425e-226	1.0	
0.0	1.3819331120691425e-226	1.9017139597527285e-211	1.0	
0.0	1.901713959752729e-211	1.0171502233843558e-217	1.0	
0.0	1.0171502233843558e-217	6.847653300627126e-241	1.0	
0.0	6.847653300627125e-241	5.795664002598509e-222	1.0	
0.0	5.79566400259851e-222	8.242437775178568e-216	1.0	
0.0	8.242437775178569e-216	1.1639773313680385e-224	1.0	
0.0	1.1639773313680388e-224	2.6144132308567002e-223	1.0	
0.0	2.6144132308567006e-223	2.245453985175237e-234	1.0	
0.0	2.2454539851752373e-234	1.7755094447902208e-203	1.0	
0.0	1.7755094447902208e-203	1.5369287138199646e-241	1.0	
1.935922378497253e-243	1.5175694900349918e-241	0.0006070945313769882	0.9993929054686229	
1.1023681901409039e-10	0.0006070944211401694	8.641465381204071e-09	0.9993928968271576	
8.751702200218165e-09	6.37834958329653e-32	0.9999999912482979	1.530506146263048e-22	
1.0	6.290651827219607e-20	1.5305061469008825e-22	2.0218550708103044e-40	
2.6224146322766705e-215	1.0	7.855570189646986e-236	6.290651827219607e-20	
0.0	2.62241463227667e-215	4.620961108763385e-208	1.0	
4.620961108737311e-208	2.6073235641063107e-219	0.99999999988151	1.1849005769863827e-10	
3.390059628677396e-08	0.9999999659809137	1.9128017810496626e-19	1.1849005750735805e-10	
3.390057607856763e-08	2.0208397609308778e-14	0.9999874479928667	1.2518106537098263e-05	
3.2698472847027744e-06	0.999984212046158	1.949187457609413e-12	1.25181046081192e-05	
3.2171608247563666e-06	5.268840913386542e-08	0.7440876458675105	0.25590908428325565	
0.7440908630274805	8.54720340254649e-13	0.2559091369654917	6.1730977563154815e-12	
2.869527466485984e-18	0.9999999999929723	9.603103360817605e-31	7.0278180965701315e-12	
2.8695274664860603e-18	8.845182924818102e-31	0.9999999999935268	6.473150844150672e-12	
4.28959043516235e-06	0.9999957104030918	1.3222513992833644e-18	6.473149521899272e-12	
2.3397381548708827e-09	4.287250697008801e-06	2.598698727656452e-05	0.9999697234222882	
2.236436072756575e-16	2.5989327014495752e-05	4.0976123776463334e-13	0.9999740106725754	
4.099845487281488e-13	3.326437602260298e-19	0.9999829617966486	1.7038202941364616e-05	
0.9999829613012872	4.957715169708717e-10	1.703820276397376e-05	1.7739119076085767e-13	
8.547893829587205e-11	0.9999999994185722	2.0187231496728247e-21	4.959489081596137e-10	
4.40855986686789e-28	8.547893829789075e-11	2.455943258001834e-19	0.999999999914521	
4.667388716614417e-21	2.4092693752442503e-19	0.0009216560161228338	0.9990783439838772	
6.791137418362496e-22	0.0009216560161228339	3.5055317648803703e-20	0.9990783439838772	
4.360335070416684e-236	3.573443139063994e-20	5.810502511803281e-218	1.0	
0.0	5.810502511803279e-218	4.784025853711449e-205	1.0	
4.678892398251889e-205	1.051334554595619e-206	0.6794104317755018	0.3205895682244983	
0.2486182831071625	0.4307921486683393	0.008574745040296318	0.31201482318420193	
0.0007356991793902129	0.25645732896806855	0.00010145711549183036	0.7427055147370494	
3.088202742749212e-242	0.0008371562948820433	1.755158080281325e-240	0.9991628437051179	
0.0	1.7860401077088177e-240	7.11920457130196e-206	1.0	
0.0	7.119204571301961e-206	7.728149612386594e-217	1.0	
0.0	7.728149612386594e-217	2.541178125381886e-215	1.0	
1.8116020158997602e-229	2.541178125381868e-215	3.3947546533728253e-16	0.9999999999999996	
3.3945084457894364e-16	2.4620758338980942e-20	0.9984791624304268	0.001520837569572757	
3.57091299358076e-13	0.9984791624300702	2.5900240717787397e-17	0.0015208375695727305	
6.84775384110813e-222	3.5711719959879377e-13	9.130994435705392e-211	0.999999999999643	
0.0	9.13099443577387e-211	4.682973379391184e-221	1.0	
0.0	4.682973379391185e-221	2.5816360807962808e-210	1.0	
0.0	2.5816360807962808e-210	3.412351363690954e-213	1.0	
1.16356310456076e-221	3.412351352055323e-213	1.6237415540892581e-10	0.9999999998376259	
1.5681104987128178e-10	5.563105537644019e-12	0.5730638414467125	0.4269361583909132	
0.5730638414912327	1.122908866038334e-10	0.42693615663967066	1.7568057129176562e-09	
0.9999999961895322	1.941371259489373e-09	1.8690965233206734e-09	7.620081599367231e-17	
0.9999999980586287	1.4501952144017827e-20	1.941371335690189e-09	5.912271594306801e-28	
0.9999167939124044	8.320608759552376e-05	1.4476655167735855e-20	2.5297567509131364e-23	
3.607684125446003e-227	0.9999167939124045	1.429553620701123e-232	8.320608759552375e-05	
0.0	3.60769842098221e-227	3.461863428469018e-222	1.0	
0.0	3.461863428469017e-222	5.003112893416562e-215	1.0	
0.0	5.003112893416563e-215	3.7620676170830664e-217	1.0	
0.0	3.7620676170830664e-217	1.1932372901861693e-233	1.0	
0.0	1.1932372901861691e-233	1.2751337712213046e-239	1.0	
1.9881883161886375e-253	1.2751337712212846e-239	7.424760934183659e-16	0.9999999999999992	
5.90377372923645e-16	1.5209872049472093e-16	0.1560008176634488	0.8439991823365505	
0.1560008164212857	1.2421637336531518e-09	0.8439990412085392	1.4112801144141235e-07	
0.00048818975557338835	0.9995116678742515	3.3112381509704623e-12	1.4236686393691452e-07	
0.00048787527241819274	3.144864664337316e-07	0.9861624361175434	0.013349374123571917	
0.9866503113840335	5.9282433029716186e-12	0.013349688608353918	1.6844308715035365e-12	
0.0037304503946441006	0.9962695495977432	1.3571408720341956e-15	7.61131703360312e-12	
1.546544715620154e-06	0.0037289038499298387	1.9675704020561057e-05	0.996249873901334	
3.9475374235036206e-09	2.1218301198757713e-05	8.858971139125545e-06	0.9999699187801246	
1.657517450059203e-07	8.69716693154313e-06	0.0009066991382190706	0.9990844379431044	
1.015709973597938e-07	0.0009067633189667165	5.329176905321715e-06	0.9990878059331305	
5.4307479025075776e-06	1.739296083269119e-16	0.9999945685795375	6.725596551438424e-10	
0.9999988909760917	1.1083513485356776e-06	6.725441753359733e-10	1.5653737477721382e-14	
0.9999988916217244	2.691133269515156e-11	1.1083513635630433e-06	6.263721523046545e-16	
0.999999999972805	2.8312548752084324e-13	2.6911959067143857e-11	1.6000869215589912e-22	
0.9999993622845077	6.377152092351749e-07	2.831216961071888e-13	3.79157366305755e-18	
0.9999993622847831	7.642917868286783e-15	6.377152092388641e-07	1.0235416959178057e-19	
0.9955450045765969	0.004454995423395541	6.986476211395806e-15	6.565440110605703e-16	
8.323038737774098e-204	0.9955450045766038	1.773572662166004e-207	0.0044549954233961955	
0.0	8.324812310436264e-204	7.433994923114891e-203	1.0	
0.0	7.433994923114892e-203	5.0209341492039525e-239	1.0	
0.0	5.0209341492039525e-239	2.0479412713826677e-205	1.0	
2.0479060094122257e-205	3.52619704423123e-210	0.9996385411658928	0.00036145883410723624	
1.0647852069508921e-201	0.9996385411658928	1.8334056505693845e-206	0.00036145883410723613	
0.0	1.0648035410073975e-201	2.7860563597993108e-226	1.0	
2.786056359707154e-226	9.215762495651125e-237	0.9999999993053585	6.946414116855168e-10	
0.999999999305346	1.2619869836217401e-14	6.946414116853327e-10	1.8409196829249953e-22	
0.9999260948045205	7.390519546694309e-05	1.260031277477746e-14	1.9557245531909588e-17	
0.9993538723226959	0.0005722224818372044	7.30270855529778e-05	8.781099139848597e-07	
5.651362564443162e-205	0.9994268994082489	1.5431697390539076e-209	0.0005731005917511893	
0.0	5.651516881417068e-205	5.945303195183588e-207	1.0	
0.0	5.9453031951835876e-207	3.280074548735166e-238	1.0	
0.0	3.280074548735166e-238	1.1548416523299244e-205	1.0	
0.0	1.154841652329924e-205	5.215080862564522e-213	1.0	
0.0	5.2150808625645223e-213	2.76322015430246e-194	1.0	
0.0	2.76322015430246e-194	1.96672110310451e-228	1.0	
0.0	1.9667211031045093e-228	1.2240670922841672e-236	1.0	
0.0	1.2240670922841672e-236	9.040275856996252e-225	1.0	
0.0	9.040275856996254e-225	6.936390097318644e-209	1.0	
0.0	6.936390097318647e-209	5.0759880747632685e-192	1.0	
2.5058788992766356e-193	4.825400184835604e-192	0.0024668049124451545	0.9975331950875549	
0.0024668049124445058	6.482140914581331e-16	0.9975331950820502	5.5046576566454406e-12	
4.217291847150388e-218	0.9999999999944947	1.1055943602312242e-230	5.505305870736897e-12	
0.0	4.2172918471514934e-218	1.2393993599585531e-232	1.0	
0.0	1.2393993599585533e-232	2.6467597561527815e-245	1.0	
1.1162893408558312e-246	2.5351308220671983e-245	0.0020924131084933094	0.9979075868915067	
3.992171427712315e-07	0.0020920138913505383	9.06800396482453e-06	0.9978985188875418	
2.1953381401643825e-231	9.467221107595763e-06	1.104219712900432e-227	0.9999905327788924	
0.0	1.1044392467144485e-227	1.1279792332524593e-224	1.0	
1.1279792069856982e-224	2.6266760986777355e-232	0.9999995109823766	4.890176233419067e-07	
0.9999995109823766	9.777646302517265e-21	4.890176233419067e-07	1.0041031759384517e-25	
1.8672903443053884e-203	1.0	8.694234298066803e-225	9.77774671283486e-21	
0.0	1.867290344305388e-203	1.2613618380556091e-213	1.0	
0.0	1.2613618380556091e-213	6.7421126866766595e-223	1.0	
0.0	6.742112686676662e-223	7.625025060378407e-225	1.0	
0.0	7.625025060378408e-225	1.4368242819539677e-207	1.0	
1.436824281953967e-207	9.920632789428417e-223	0.9999999999999855	1.4499566244431566e-14	
0.9869594088138288	0.01304059118615656	1.1350213457233417e-14	3.1493527871981468e-15	
8.16887502704058e-05	0.9868777200635699	5.140142763041611e-08	0.013040539784732085	
8.174015169802202e-05	1.4202052430011757e-17	0.9999182598446535	3.648374958913296e-12	
0.9999991853333801	8.146629715163286e-07	3.648326745624018e-12	6.241534170839921e-17	
4.1886625116017105e-09	0.999999181148366	1.6249290677002537e-16	8.146629714162511e-07	
4.188662587160399e-09	8.693421730139334e-17	0.9999995599639225	4.3584741477800936e-07	
0.9999995641525852	4.876523753140735e-21	4.3584741486494353e-07	4.463384515155753e-26	
3.581213032655563e-17	1.0	8.316204886719035e-39	4.8765683869858865e-21	
3.791301666126373e-244	3.581213032655563e-17	5.041257611071871e-229	1.0	
0.0	5.041257611071875e-229	4.123927476222482e-225	1.0	
0.0	4.1239274762224835e-225	2.0468358135714732e-236	1.0	
0.0	2.0468358135714732e-236	1.2182131527661743e-218	1.0	
0.0	1.2182131527661748e-218	1.3390199421238994e-218	1.0	
8.962821745032182e-219	4.4273776762068114e-219	0.0879244586628767	0.9120755413371232	
0.08792445866225672	6.200209570334151e-13	0.9120755412020571	1.350662276400014e-10	
0.9999999998643125	1.298886248033813e-15	1.356862485970311e-10	3.701061049851788e-24	
0.9999955899586079	4.410041390801924e-06	1.298765971358929e-15	1.2028037594525337e-19	
2.1759258487565205e-19	0.9999955899586093	4.5695073213984834e-26	4.410041390802044e-06	
1.348554607356153e-33	2.175926305707239e-19	2.9512436104175113e-16	0.9999999999999997	
2.950926741896366e-16	3.168685211469613e-20	0.9977501076091597	0.0022498923908400503	
1.6103599894236038e-06	0.9977484972491705	1.7291963418702403e-10	0.002249892217920416	
1.6550537038227153e-12	1.6105312540040875e-06	4.893537467982972e-08	0.9999983405317163	
1.833956566932027e-219	4.8937029733533546e-08	1.7845639854685706e-213	0.9999999510629702	
1.7845654976473496e-213	3.217777885038705e-220	0.9999962134715814	3.7865284186285705e-06	
0.1141436161800209	0.8858525972915605	2.3091677853906893e-08	3.763436740774664e-06	
0.11413570923267734	7.930039021417884e-06	0.884565726480017	0.0012906342482842236	
0.9987014357116591	1.0351463980466936e-12	0.001298564287277377	2.8264990944603147e-14	
1.4979006686048105e-06	0.999998502098268	7.585175728293745e-20	1.0634113131395394e-12	
1.6866435059841314e-10	1.4977320042542879e-06	5.362495172545911e-06	0.9999931396041588	
5.3581283577271725e-06	4.53547916933857e-09	0.982529383364263	0.01746525397190016	
0.9823181657226433	0.00021657576997746505	0.017384767774783944	8.049073259538293e-05	
0.7839033713790938	0.21579956211833343	4.380828264124078e-05	0.00025325821993160723	
5.679142644012988e-202	0.7839471796617349	7.453094370050563e-204	0.21605282033826506	
0.0	5.753673587713494e-202	2.678332219046911e-218	1.0	
2.678326765935709e-218	5.453111201344901e-224	0.9999572455308133	4.275446918661016e-05	
2.1805426330545963e-213	0.9999572455308134	4.4396156617454167e-219	4.275446918661017e-05	
2.912055595240932e-218	2.180517952114306e-213	6.359462701896145e-07	0.9999993640537297	
6.344275666938723e-07	1.518703495742311e-09	0.9521353695019525	0.04786399455177719	
0.9521360031234427	8.06076524986713e-10	0.047863995219527784	8.509529090921746e-10	
1.0756924116143011e-07	0.9999998907737294	8.487877017241319e-18	1.6570294255910113e-09	
8.950602424338155e-33	1.0756924116991797e-07	3.962276879339398e-27	0.9999998924307588	
3.9434350848608295e-27	1.885074508099195e-29	0.9087720185371057	0.0912279814628943	
0.9086521065675339	0.00011991196957174319	0.09097585968468251	0.00025212177821182723	
0.999609560060394	1.8406191822392476e-05	0.0003718899450062661	1.4380277730437665e-07	
1.1205145246384145e-232	0.9999814500054004	9.898059028429372e-239	1.8549994599696857e-05	
0.0	1.1205155144443174e-232	1.6105203564762666e-221	1.0	
0.0	1.6105203564762664e-221	1.6970045641178605e-195	1.0	
1.696999130047154e-195	5.434070706016014e-201	0.999932759062999	6.724093700097509e-05	
0.05295139837348968	0.9469813606895093	1.785647048878119e-07	6.70623722960873e-05	
0.05295152620863084	5.0729563731421475e-08	0.9470293699731674	1.9053088638014973e-05	
1.2332418197962067e-12	0.9999808961805652	1.1219084576973716e-18	1.9103818201745275e-05	
1.2332352057477785e-12	7.735956885526489e-18	0.9998682865216348	0.0001317134771318634	
0.004429341616157642	0.9954389449067105	2.7902521885640257e-08	0.00013168557460998547	
0.0003435180309419882	0.0040858514877375384	0.003969944948727499	0.991600685532593	
1.4134072098944533e-06	0.004312049572459593	1.554104145506111e-05	0.9956709959788754	
1.695444866495556e-05	1.2485148563709589e-30	0.999983045551335	1.5464004743770307e-24	
0.9267470856140585	0.07325291438594139	5.813750113003747e-25	9.650267115915126e-25	
0.8836545984857715	0.04309248712828694	0.036190534182874386	0.03706238020306702	
0.9198404742454814	4.658423164686169e-06	0.08014634360634343	8.52372501054136e-06	
0.9999868178518218	3.0425465148374457e-15	1.3182148175226685e-05	8.422643816146252e-19	
0.9999999995869896	4.1300728070158346e-10	3.0433887528232836e-15	2.639577598224961e-23	
0.999999999586989	3.841984202513234e-15	4.130072807015766e-10	3.332211642130892e-23	
0.9999999999997169	2.7936425889804744e-13	3.841984235812809e-15	2.2539574653458738e-26	
4.208963678000064e-200	0.9999999999997206	5.59920961254148e-214	2.7936425889806986e-13	
1.7324154899486108e-215	4.208963678000119e-200	1.9600068335832356e-17	1.0	
7.232737776118348e-24	1.9600061103094574e-17	1.7572194122932574e-08	0.9999999824278059	
1.0650121434989768e-197	1.757219412293258e-08	2.8860859793703804e-191	0.9999999824278059	
2.524193690708617e-191	3.618933536739076e-192	0.24932883548488582	0.7506711645151142	
2.273329312942295e-211	0.24932883548488588	3.259269572276483e-212	0.7506711645151142	
0.0	2.5992562701699437e-211	8.938945783712673e-208	1.0	
0.0	8.938945783712675e-208	8.027287333867453e-245	1.0	
6.766341366651273e-247	7.959623920200939e-245	0.00040463765373630425	0.9995953623462637	
0.00022627765417389313	0.00017835999956241117	0.05694746712530752	0.9426478952209562	
0.057173744778038646	1.4427711477986349e-12	0.9428262547208849	4.996337564132717e-10	
1.1565167284306095e-218	0.9999999994989235	2.7595399363746406e-229	5.010765275610703e-10	
0.0	1.156516728458205e-218	2.710341014076024e-213	1.0	
0.0	2.7103410140760247e-213	1.2244953235244368e-202	1.0	
0.0	1.224495323524437e-202	1.9121120515691077e-206	1.0	
0.0	1.9121120515691083e-206	1.4716869305946738e-234	1.0	
0.0	1.4716869305946735e-234	6.200066159239426e-206	1.0	
0.0	6.200066159239426e-206	1.0211860339431596e-196	1.0	
0.0	1.0211860339431598e-196	1.5600522154767796e-204	1.0	
1.5349344809267552e-204	2.511773455002472e-206	0.7442442498161158	0.2557557501838842	
0.7442442498161159	5.806414017174085e-21	0.25575575018388413	4.19022373869295e-20	
2.9367824642955005e-200	1.0	6.671901468512304e-221	4.7708651404103593e-20	
0.0	2.9367824642955005e-200	7.450286795917136e-185	1.0	
2.685349640696805e-189	7.450018260953064e-185	1.7164195905298703e-06	0.9999982835804094	
1.7164195905298703e-06	3.566976544047459e-22	0.9999982835804051	4.364106496295313e-15	
0.9999999999999954	1.6416368604063803e-16	4.364106852992951e-15	1.504498521251324e-29	
0.9658492207461443	0.034150779253855484	9.421027924106535e-17	6.995340679958772e-17	
0.965814531303964	3.468944218050849e-05	0.03412503999457537	2.5739259280167942e-05	
0.9999395712985393	5.695386301410816e-30	6.042870146067644e-05	7.227897541197492e-33	
0.47276054474905105	0.527239455250949	2.3352275824754403e-31	5.469091440704468e-30	
0.47276054474905105	2.996561385105822e-17	0.5272394552509482	7.017931933407228e-16	
0.9999807419584026	1.925804159674765e-05	7.314629840587638e-16	2.9582313301738267e-19	
8.92226081282029e-212	0.9999807419584033	8.182313283440394e-218	1.925804159674795e-05	
0.0	8.922268995133574e-212	1.6733620625307519e-227	1.0	
1.6288304838686284e-227	4.4531578662123304e-229	0.6352708763169086	0.36472912368309146	
1.0315936826149984e-12	0.635270876315877	2.8203361663321757e-14	0.3647291236830632	
1.8981982565162016e-225	1.0597970442783201e-12	8.529028614992474e-215	0.9999999999989402	
0.0	8.529028615182295e-215	1.0994547247385297e-222	1.0	
1.0994547247373002e-222	1.2293766354820002e-234	0.9999999999765184	2.3481557506321492e-11	
9.235464709591648e-13	0.999999999975595	1.0326814080055333e-24	2.3481557506320452e-11	
9.235464709601975e-13	1.010430303334321e-30	0.9999999999990765	2.2975602243317575e-17	
0.018365539238307936	0.981634460761692	2.0451009566502642e-20	2.2955151233752074e-17	
0.018347952906490342	1.7586331817600588e-05	0.962265695110279	0.019368765651412944	
0.00688762810425195	0.9737260199125174	6.527749094999772e-06	0.019379824234135548	
0.0068941558269989345	2.6348014199104508e-11	0.9931057644423827	7.970427043230133e-08	
7.044965370510951e-210	0.9999999202693816	2.674759479569833e-218	7.973061844650043e-08	
0.0	7.044965397258548e-210	1.8922526026757092e-222	1.0	
0.0	1.8922526026757092e-222	5.0238852105555617e-231	1.0	
5.023319773139113e-231	5.654374164493832e-235	0.9976417619971748	0.0023582380028251276	
0.9951150952812162	0.0025266667159588594	0.0022388608955930048	0.00011937710723212339	
0.9973447314527714	9.224724037713084e-06	0.0026455299688077894	5.13854383192329e-07	
0.051407798892667174	0.9485824625289119	2.5067490361097712e-08	9.713510930544316e-06	
1.2541665988157138e-18	0.051407823960157535	1.1020118205104437e-18	0.9485921760398424	
2.2981708363294368e-18	5.800758299672169e-20	0.6535708493022623	0.3464291506977377	
0.5853929618366733	0.06817788746558882	0.10053755954521348	0.24589159115252418	
0.685930521381887	2.5121520596346827e-19	0.314069478618113	2.415521036412956e-18	
1.0958123962431898e-21	1.0	1.3915441104319384e-40	2.6667362423764253e-18	
6.77847742998819e-23	1.0280276219433078e-21	0.0031300162707819297	0.996869983729218	
4.440382673691802e-12	0.0031300162663415476	6.7343088383332e-11	0.996869983661875	
2.060090915990482e-15	7.17814109661078e-11	1.3666411962908418e-06	0.9999986332870203	
1.366641198350838e-06	9.465148946206152e-20	0.9999986333573473	1.4544260517331545e-12	
2.64951881543254e-05	0.9999735048103913	1.8350603243075693e-18	1.4544243113243201e-12	
6.945105703229244e-23	2.6495188154327235e-05	1.24819101039972e-19	0.9999735048118457	
1.213285184118425e-19	3.560033685161816e-21	0.6187413812089905	0.3812586187910096	
2.5898557352735427e-215	0.6187413812089905	7.599180949351641e-217	0.3812586187910095	
0.0	2.665847544767059e-215	5.512382202519801e-208	1.0	
0.0	5.512382202519801e-208	3.955385588841433e-234	1.0	
0.0	3.955385588841432e-234	3.638249954804361e-201	1.0	
0.0	3.638249954804362e-201	8.48955722505578e-213	1.0	
0.0	8.489557225055779e-213	1.6379244584140782e-225	1.0	
0.0	1.6379244584140785e-225	4.3405056013730475e-206	1.0	
0.0	4.340505601373047e-206	1.1686726548564269e-228	1.0	
1.904743935449056e-232	1.1684821804628819e-228	7.762325315835298e-06	0.9999922376746841	
7.762325303626048e-06	1.2209250646806893e-14	0.9999922046443414	3.303034269624099e-08	
0.9999999669696451	2.8072976152427627e-19	3.303035490549163e-08	1.9472468320112378e-25	
2.4134465822176774e-08	0.9999999758655341	3.2263179476583875e-28	2.8072995592632766e-19	
5.5761321767418154e-14	2.4134410060855004e-08	1.1002136259491162e-07	0.9999998658441716	
1.1002090792083511e-07	5.104353983010782e-13	0.9999024712411605	9.741873742113312e-05	
1.3240467798255902e-230	0.9999025812620684	6.142834915461279e-236	9.741873793156849e-05	
0.0	1.3240529226605058e-230	1.0132970443204595e-221	1.0	
0.0	1.0132970443204596e-221	3.218277327060159e-204	1.0	
0.0	3.21827732706016e-204	1.2932743430996738e-211	1.0	
1.293274343099583e-211	9.09919975430107e-225	0.9999999999985225	1.477514773718252e-12	
0.9809471475645397	0.019052852433982848	1.0494598352403931e-12	4.280549384778591e-13	
0.9809471475655669	2.2274907425125188e-14	0.01905285243440182	9.085516003075581e-15	
0.2551043967638441	0.7448956032361247	5.032221758643592e-16	3.085720125233642e-14	
0.2551024504823825	1.94628146204036e-06	0.7447762769441998	0.00011932629195565028	
1.1430690960392446e-15	0.9998787274265812	6.601892574735904e-21	0.00012127257341769064	
2.5338748576763302e-26	1.1430756979064803e-15	1.0555793262795875e-12	0.9999999999989432	
3.038230778607622e-17	1.0555489439718267e-12	1.3706371329315978e-06	0.9999986293618115	
1.3706368948800154e-06	2.3808196448463793e-13	0.9999949816453845	3.647717482638488e-06	
5.283721795636613e-13	0.999996352281751	9.177902823784609e-20	3.6477177207203606e-06	
5.283722713426889e-13	5.607361615262361e-28	0.9999999999994493	2.2286293264635016e-14	
0.9999999968515203	3.1484573591409985e-09	2.2286291791119345e-14	1.4735162319913157e-21	
9.837251490902515e-11	0.9999999967531701	1.4748650928896927e-20	3.1484573591277227e-09	
2.5128339845131413e-260	9.837251492377385e-11	1.2163840809421374e-251	0.9999999999016276	
0.0	1.2163840834549714e-251	1.9579022145282165e-217	1.0	
0.0	1.9579022145282165e-217	8.078045342211914e-220	1.0	
0.0	8.078045342211917e-220	7.004259494063693e-242	1.0	
0.0	7.004259494063694e-242	7.003142381708467e-208	1.0	
0.0	7.003142381708466e-208	5.160302424533812e-219	1.0	
0.0	5.160302424533812e-219	7.34593032841277e-212	1.0	
0.0	7.345930328412769e-212	3.1582593056317924e-215	1.0	
0.0	3.1582593056317934e-215	2.6843830030818118e-217	1.0	
0.0	2.684383003081812e-217	4.908721879872087e-214	1.0	
0.0	4.908721879872089e-214	5.270350256913887e-208	1.0	
0.0	5.270350256913887e-208	9.387275530767517e-238	1.0	
0.0	9.387275530767515e-238	2.3306272295059434e-212	1.0	
0.0	2.3306272295059442e-212	9.932701765576377e-210	1.0	
0.0	9.932701765576377e-210	7.695165679185773e-213	1.0	
0.0	7.695165679185776e-213	1.6904694024278139e-195	1.0	
0.0	1.6904694024278137e-195	3.102724484188304e-223	1.0	
3.101876682151905e-223	8.47802036399199e-227	0.9942930557721577	0.005706944227842341	
5.158024810934358e-15	0.9942930557721524	1.4097865217111198e-18	0.005706944227842339	
5.6132429377635674e-21	5.159428984213132e-15	5.180752942244414e-08	0.9999999481924655	
4.993374909507211e-08	1.873780327377628e-09	0.5592741111255867	0.4407258370668838	
0.5592738104864541	3.50572881917564e-07	0.4407200374990336	5.801441630423889e-06	
5.115178243850163e-224	0.9999938479854876	1.498516399341277e-230	6.152014512341451e-06	
0.0	5.115179742366562e-224	2.3600815058379393e-207	1.0	
0.0	2.36008150583794e-207	5.390221779138922e-256	1.0	
0.0	5.390221779138922e-256	2.776818912848035e-224	1.0	
0.0	2.7768189128480357e-224	1.461959991680182e-209	1.0	
0.0	1.4619599916801824e-209	5.243922765656658e-229	1.0	
0.0	5.243922765656658e-229	3.2732104530864787e-230	1.0	
0.0	3.27321045308648e-230	1.8276297206358745e-198	1.0	
0.0	1.8276297206358745e-198	1.5334856681487633e-222	1.0	
0.0	1.5334856681487633e-222	2.497040848331707e-208	1.0	
0.0	2.4970408483317074e-208	6.478889617437366e-213	1.0	
0.0	6.478889617437366e-213	8.423756362827804e-220	1.0	
0.0	8.423756362827804e-220	6.362179738655967e-227	1.0	
6.362179738655966e-227	3.349897934087461e-246	1.0	1.1057194154451524e-18	
6.364433119668874e-15	0.9999999999999937	3.351084413676227e-34	1.105719415445152e-18	
6.364433119668816e-15	5.696159016194656e-29	0.9999999999998057	1.8794971538060424e-13	
0.9999837773175287	1.6222682283330976e-05	1.87885706129764e-13	6.400925084032309e-17	
0.8642129388689811	0.13577083844873547	3.7734429324076114e-06	1.2449239350987373e-05	
0.04074963749356976	0.8234670748183439	0.00031921430582003765	0.1354640733822664	
3.546563449671582e-12	0.04106885179584323	3.943331644800874e-12	0.9589311481966669	
5.867388132859691e-232	7.489895094472458e-12	3.730351778921238e-222	0.9999999999925101	
0.0	3.7303517795079776e-222	9.426166216549441e-231	1.0	
0.0	9.426166216549443e-231	6.915055410537646e-235	1.0	
0.0	6.915055410537646e-235	2.2006680330392005e-202	1.0	
0.0	2.2006680330392005e-202	2.54633449670842e-204	1.0	
2.5463331805406665e-204	1.3161677544283531e-210	0.9999891454806306	1.0854519369452928e-05	
0.005515365547337377	0.9944737799332932	2.8658772685864224e-09	1.0851653492184343e-05	
8.408229285487386e-213	0.005515368413214646	7.219527912345548e-212	0.9944846315867854	
2.3103323060477948e-216	8.060119807663678e-212	1.3649384445635873e-06	0.9999986350615554	
6.852029824584285e-08	1.2964181463177445e-06	0.0025105136160942076	0.9974881214454612	
0.002510582136392389	6.46258424642937e-17	0.9974894178630683	5.392117843617968e-13	
0.003811761468331428	0.9961882385311291	9.824202593229521e-17	5.391781681783287e-13	
0.003811634220262036	1.2724806949093375e-07	0.9954903335040298	0.0006979050276387407	
1.616562844241792e-12	0.9993019677226753	5.377148856754292e-17	0.0006980322757081778	
4.1399748342671e-218	1.6166166157303597e-12	1.219470694882348e-207	0.9999999999983833	
1.2043852836004181e-207	1.5085411323329496e-209	0.7917446571634228	0.20825534283657715	
2.484494379803852e-09	0.7917446546789284	3.111929402674993e-11	0.20825534280545785	
2.5155965085135505e-09	1.716531705096668e-14	0.9998567233107799	0.00014327417360645968	
0.9998565048777233	2.2094865319440866e-07	0.0001432735087503542	6.648732708046822e-10	
1.6301308490422492e-09	0.9999997767563428	1.720281555603576e-17	2.2161352644801046e-07	
1.1696279209095714e-09	4.60502945335493e-10	0.10789736559050077	0.8921026327793683	
0.007082125902211768	0.10081524085791697	0.0029742852230030085	0.8891283480168684	
0.010055739129789153	6.719954256217396e-07	0.9885562804842731	0.0013873083905120201	
0.002921492309477234	0.9956905273045852	1.939026437746054e-07	0.0013877864832938676	
0.0017115350949999091	0.0012101511171210997	0.0629143912488404	0.9341639225390386	
1.912976394809933e-227	0.0646259263438403	1.3184657823086765e-227	0.9353740736561597	
0.0	3.2314421771186087e-227	7.103864741197314e-216	1.0	
0.0	7.103864741197316e-216	4.500609570031259e-233	1.0	
0.0	4.50060957003126e-233	3.3662049590899705e-226	1.0	
0.0	3.36620495908997e-226	2.6070935540013626e-211	1.0	
2.311731273469221e-211	2.9536228053214233e-212	0.27151035785239613	0.7284896421476039	
0.23851676563095242	0.03299359222144372	0.18655820651834096	0.541931435629263	
0.210873710847071	0.2142012613022223	0.025745167649700182	0.5491798602010065	
0.21890533629577794	0.017713542200993197	0.2828077638798463	0.4805733576233825	
1.5254512207071772e-08	0.5017130849211122	7.214447396938014e-10	0.498286899102931	
3.790935589974801e-220	1.5975956946765567e-08	1.1299525912424816e-213	0.999999984024043	
0.0	1.1299529703360408e-213	4.2360971551506234e-225	1.0	
0.0	4.236097155150624e-225	3.154072172464081e-241	1.0	
0.0	3.154072172464081e-241	1.5535728375836102e-234	1.0	
0.0	1.5535728375836108e-234	4.09906645771367e-239	1.0	
0.0	4.09906645771367e-239	1.9118264134285517e-223	1.0	
0.0	1.911826413428552e-223	4.380208770441191e-236	1.0	
4.27886389243149e-236	1.0134487800970012e-237	0.6678309476420519	0.33216905235794825	
1.291616241748625e-13	0.6678309476419227	3.059192667635939e-15	0.33216905235794514	
1.3222081684249847e-13	3.316670369879529e-44	0.9999999999998678	5.2677089304650204e-30	
0.9999980473632196	1.952636780427373e-06	5.267492934533955e-30	2.1599593109845816e-34	
0.9882631413645031	0.011734905998716516	1.5629099770595345e-06	3.8972680336783875e-07	
0.9879798000413669	0.0002849042331133544	0.011664657121347484	7.063860417239332e-05	
0.9996154235548461	2.9033607868127624e-05	0.00035532610955983353	2.167277259140171e-07	
0.9999707491921367	4.72269106619995e-10	2.925033530393853e-05	2.901031099191821e-13	
0.9998248248040047	0.00017517472343623087	4.708268898957474e-10	1.7323198341668704e-12	
1.2540509215622744e-07	0.9998246998697393	1.0462692407530688e-12	0.0001751747241222814	
1.254061384254611e-07	7.060802631265584e-21	0.9999998745926792	1.182373036306408e-12	
9.195181729306454e-18	0.9999999999988176	5.17720714552738e-31	1.1823730433672103e-12	
9.18576591924177e-18	9.415810065202377e-21	0.9789276863669139	0.02107231363308611	
0.9789009535197268	2.6732847187137887e-05	0.021060235800971713	1.207783211440457e-05	
0.9999611893206932	5.336999055715504e-15	3.8810679301538105e-05	4.349952559077479e-18	
0.9994057213282308	0.0005942786717639211	5.2754727398255095e-15	6.587626844907086e-17	
0.9993361665731318	6.955475510414182e-05	0.000593411329819258	8.673419447290698e-07	
1.9998814728100276e-05	0.999909579088223	6.707068984580395e-11	7.042202997818103e-05	
1.9633463731811133e-05	3.6541806697899245e-07	0.7189693586059526	0.28101064251224867	
3.0754847502811474e-224	0.7189889920696844	5.7239439790308965e-226	0.28101100793031564	
0.0	3.1327241900714574e-224	3.009947153055546e-230	1.0	
0.0	3.009947153055546e-230	1.3931362155336868e-210	1.0	
0.0	1.393136215533687e-210	7.956129370536446e-234	1.0	
9.666728603624662e-238	7.955162697676084e-234	5.7864026619045715e-06	0.9999942135973381	
1.034994494292788e-216	5.786402661904572e-06	8.517410523153446e-213	0.9999942135973381	
0.0	8.518445517647737e-213	6.402534298779118e-201	1.0	
0.0	6.402534298779119e-201	3.7458413437222206e-227	1.0	
0.0	3.745841343722221e-227	2.2484244970356413e-215	1.0	
0.0	2.2484244970356413e-215	1.3691184869401086e-233	1.0	
1.3690761930726616e-233	4.229386744704691e-238	0.9993516829783753	0.0006483170216247973	
0.0007378160945860314	0.998613866883789	2.2808849635751137e-08	0.0006482942127751613	
0.0007365432836344316	1.295619801235993e-06	0.9636642633088902	0.035597897787674145	
0.9644008065644385	2.808621897146402e-11	0.03559919338570355	2.1771841552273407e-11	
0.9999999999501419	9.69607459163689e-17	4.9858060523737335e-11	1.0151976950988738e-25	
2.1755292746153164e-11	0.9999999999782446	1.0044806735944181e-28	9.69607460177882e-17	
1.3767930840963892e-22	2.175529274601549e-11	3.0135919657400625e-13	0.9999999999779433	
2.7898943380677456e-13	2.2369762904910926e-14	0.3726047064087534	0.6273952935909453	
0.07818176500587609	0.2944229414031563	0.007834271468298864	0.6195610221226688	
0.0027578593148406294	0.0832581771593343	0.001439395032183284	0.9125445684936419	
4.349137777352493e-06	0.004192905209246562	4.9183643245731894e-05	0.9957535620097304	
5.353278094644853e-05	7.66358680019162e-14	0.9999464371576389	3.006133808211481e-08	
1.3309118883450698e-206	0.9999999699385854	1.905195020541181e-215	3.006141471798282e-08	
0.0	1.3309118902502653e-206	3.5689742723955235e-224	1.0	
0.0	3.5689742723955245e-224	1.806565956506894e-222	1.0	
0.0	1.8065659565068943e-222	2.486113624274204e-210	1.0	
0.0	2.4861136242742043e-210	3.4794121696838415e-199	1.0	
0.0	3.4794121696838415e-199	6.944651912343497e-208	1.0	
0.0	6.944651912343497e-208	7.037049383679337e-213	1.0	
0.0	7.03704938367934e-213	9.403713960503402e-223	1.0	
0.0	9.403713960503402e-223	5.200773225293334e-220	1.0	
0.0	5.200773225293333e-220	2.4473256507194403e-199	1.0	
2.4470625846558443e-199	2.630660635956069e-203	0.9977475264287886	0.002252473571211331	
0.9977474919988781	3.442991064810642e-08	0.002252471938934054	1.6322772771189561e-09	
3.847472893084596e-08	0.999999925463083	6.607061933109184e-17	3.606218785915475e-08	
8.458529930900639e-18	3.847472898845805e-08	1.0468874886323059e-11	0.9999999615148021	
3.1850297626661773e-19	1.0468883026350018e-11	1.4487513456155852e-09	0.9999999985407798	
2.1665715225216244e-228	1.4487513459340882e-09	7.121309853558246e-221	0.9999999985512487	
0.0	7.121310070215399e-221	3.5653063875846724e-200	1.0	
0.0	3.565306387584673e-200	4.454300039844813e-205	1.0	
4.454300039844814e-205	4.812452255637882e-222	0.9999999999999997	2.268852490051757e-16	
3.4266158564776792e-211	0.9999999999999998	3.7021361516286755e-228	2.268852490051757e-16	
0.0	3.426615856477679e-211	1.841240131061521e-226	1.0	
0.0	1.8412401310615215e-226	2.3774913954698045e-218	1.0	
2.3774913954697104e-218	9.417400768866341e-232	0.9999999999991682	8.318238985969372e-13	
0.09831453501561048	0.9016854649835576	4.296607588035752e-15	8.275272910089012e-13	
1.2330965857345594e-06	0.09831330191902907	5.385429285763969e-07	0.9016849264414566	
1.2415589859903698e-240	1.7716395143109565e-06	3.337120856446298e-236	0.9999982283604857	
0.0	3.337245012344897e-236	2.2437660135228144e-224	1.0	
